1608418123.04	230	3.000000	0.000	110795	40	0
1608418123.07	230	5.971492	0.000	47855	29	0.23
1608418123.10	230	8.935518	0.000	89857	36	0.23
1608418123.17	477	11.874686	0.000	229678	61	0.23
1608418123.24	991	14.796593	0.000	326773	78	0.477
1608418123.34	1427	17.695282	0.000	457376	101	0.991
1608418123.60	2962	20.442018	0.000	1312112	253	1.427
1608418124.19	6000	22.849140	0.000	3222435	593	2.962
1608418125.49	6000	24.547276	0.000	2379983	453	6
1608418128.77	6000	24.266726	0.000	2139821	733	6
1608418132.10	6000	23.941546	0.000	2150522	1058	6
1608418138.61	6000	20.425102	0.000	1518787	4575	6
1608418140.01	6000	22.031065	0.000	2047792	1394	6
1608418140.87	6000	24.171750	0.000	2222688	828	6
1608418146.07	6000	21.971330	0.000	2287491	3029	6
1608418146.47	6000	24.572768	0.000	2697257	399	6
1608418149.72	6000	24.321161	0.000	2141227	679	6
1608418152.63	6000	24.409619	0.000	1996334	590	6
1608418155.40	6000	24.641241	0.000	2286621	359	6
1608418158.49	6000	24.545351	0.000	2010251	455	6
1608418162.39	6000	23.648869	0.000	2248706	1351	6
1608418164.68	6000	24.358761	0.000	2329646	641	6
1608418167.47	6000	24.568324	0.000	2315679	432	6
1608418170.47	6000	24.572956	0.000	2289622	427	6
1608418173.47	6000	24.568188	0.000	2316442	432	6
1608418176.37	6000	24.665729	0.000	2907009	334	6
1608418179.22	6000	24.815415	0.000	2221897	185	6
1608418182.16	6000	24.876815	0.000	1380099	123	6
1608418185.29	6000	24.754252	0.000	2229258	246	6
1608418189.67	6000	23.366837	0.000	2638636	1633	6
1608418191.28	6000	24.758056	0.000	1858780	242	6
1608418194.84	6000	24.197841	0.000	2248707	802	6
1608418197.56	6000	24.480288	0.000	2248706	520	6
1608418200.72	6000	24.320653	0.000	2554970	679	6
1608418203.60	6000	24.438793	0.000	2164827	561	6
1608418206.60	6000	24.438985	0.000	2096434	561	6
1608418209.47	6000	24.565029	0.000	2178596	435	6
1608418213.28	6000	23.760177	0.000	2493596	1240	6
1608418215.70	6000	24.341174	0.000	2275819	659	6
1608418219.21	6000	23.831500	0.000	2968630	1169	6
1608418221.37	6000	24.670792	0.000	1835923	329	6
1608418224.32	6000	24.715713	0.000	1734383	284	6
1608418227.69	6000	24.349759	0.000	2363402	650	6
1608418230.72	6000	24.315212	0.000	2160562	685	6
1608418233.54	6000	24.503068	0.000	2354851	497	6
1608418236.58	6000	24.462252	0.000	2232788	538	6
1608418239.68	6000	24.361370	0.000	2358526	639	6
1608418242.60	6000	24.434837	0.000	2316942	565	6
1608418245.61	6000	24.432908	0.000	2290946	567	6
1608418248.64	6000	24.401039	0.000	2171105	599	6
1608418251.70	6000	24.334736	0.000	2298754	665	6
1608418254.47	6000	24.570795	0.000	1994876	429	6
1608418257.56	6000	24.479243	0.000	2128219	521	6
1608418260.79	6000	24.249311	0.000	2740083	751	6
1608418263.90	6000	24.141882	0.000	2200061	858	6
1608418266.63	6000	24.406791	0.000	1898754	593	6
1608418269.64	6000	24.394766	0.000	2340938	605	6
1608418272.37	6000	24.673467	0.000	2088259	327	6
1608418275.39	6000	24.652222	0.000	2888543	348	6
1608418278.24	6000	24.804095	0.000	2022906	196	6
1608418281.27	6000	24.769707	0.000	2497233	230	6
1608418284.39	6000	24.647219	0.000	2183878	353	6
1608418287.54	6000	24.504065	0.000	2439166	496	6
1608418292.05	6000	22.991843	0.000	1435955	2008	6
1608418293.74	6000	24.300097	0.000	2974575	700	6
1608418297.60	6000	23.439229	0.000	2097321	1561	6
1608418299.76	6000	24.274727	0.000	1939501	725	6
1608418303.03	6000	24.008524	0.000	2066334	991	6
1608418306.29	6000	23.747426	0.000	2596985	1253	6
1608418309.17	6000	23.874496	0.000	2490566	1126	6
1608418312.00	6000	24.044620	0.000	2747678	955	6
1608418314.44	6000	24.601093	0.000	1562990	399	6
1608418317.29	6000	24.745265	0.000	2097945	255	6
1608418320.35	6000	24.691176	0.000	1985667	309	6
1608418323.88	6000	24.158764	0.000	2771673	841	6
1608418326.37	6000	24.674212	0.000	2580090	326	6
1608418329.26	6000	24.782107	0.000	1620253	218	6
1608418332.35	6000	24.684750	0.000	2251285	315	6
1608418335.31	6000	24.732436	0.000	1965039	268	6
1608418338.34	6000	24.697678	0.000	2258573	302	6
1608418341.58	6000	24.462312	0.000	3429684	538	6
1608418344.35	6000	24.690838	0.000	2241004	309	6
1608418347.31	6000	24.734279	0.000	1873625	266	6
1608418350.29	6000	24.753992	0.000	1808060	246	6
1608418353.36	6000	24.679757	0.000	2233059	320	6
1608418356.54	6000	24.495763	0.000	2330392	504	6
1608418359.51	6000	24.534643	0.000	2365957	465	6
1608418362.57	6000	24.474187	0.000	2023250	526	6
1608418365.46	6000	24.579614	0.000	2277195	420	6
1608418368.35	6000	24.691407	0.000	2110337	309	6
1608418371.48	6000	24.561381	0.000	3270459	439	6
1608418374.38	6000	24.657906	0.000	1811778	342	6
1608418377.54	6000	24.495364	0.000	2059702	505	6
1608418381.09	6000	23.950940	0.000	2410733	1049	6
1608418383.85	6000	24.192213	0.000	2264887	808	6
1608418389.40	6000	21.644247	0.000	1442038	3356	6
1608418390.45	6000	23.593972	0.000	2248705	1050	6
1608418393.14	6000	23.895558	0.000	2883545	1104	6
1608418396.18	6000	23.855875	0.000	1779883	1144	6
1608418399.01	6000	24.034690	0.000	2367030	965	6
1608418401.85	6000	24.190306	0.000	3751045	810	6
1608418404.66	6000	24.377892	0.000	2032116	622	6
1608418407.37	6000	24.672058	0.000	1655187	328	6
1608418410.48	6000	24.561649	0.000	1568817	438	6
1608418413.66	6000	24.378457	0.000	2706944	622	6
1608418416.41	6000	24.627093	0.000	2073329	373	6
1608418419.44	6000	24.597772	0.000	2388925	402	6
1608418422.77	6000	24.269512	0.000	2042653	730	6
1608418425.35	6000	24.685045	0.000	2359637	315	6
1608418428.21	6000	24.829195	0.000	2205524	171	6
1608418431.20	6000	24.834866	0.000	2068164	165	6
1608418434.28	6000	24.760179	0.000	2225689	240	6
1608418437.40	6000	24.636561	0.000	1888915	363	6
1608418441.20	6000	23.837730	0.000	2396697	1162	6
1608418443.68	6000	24.362294	0.000	2856889	638	6
1608418446.59	6000	24.451251	0.000	2511559	549	6
1608418449.63	6000	24.410529	0.000	2206699	589	6
1608418452.63	6000	24.408011	0.000	2216459	592	6
1608418455.51	6000	24.527255	0.000	2093944	473	6
1608418458.81	6000	24.232733	0.000	2708842	767	6
1608418461.50	6000	24.537590	0.000	1714340	462	6
1608418464.69	6000	24.354357	0.000	2580779	646	6
1608418468.36	6000	23.680244	0.000	2345391	1320	6
1608418470.59	6000	24.448954	0.000	1891851	551	6
1608418473.33	6000	24.713029	0.000	1785366	287	6
1608418476.57	6000	24.465746	0.000	2217719	534	6
1608418479.52	6000	24.517963	0.000	2136919	482	6
1608418482.54	6000	24.497864	0.000	2049076	502	6
1608418485.64	6000	24.399688	0.000	2248708	600	6
1608418488.66	6000	24.380345	0.000	2248707	620	6
1608418491.73	6000	24.311673	0.000	2756849	688	6
1608418494.58	6000	24.457673	0.000	2089310	542	6
1608418497.72	6000	24.323927	0.000	2460275	676	6
1608418500.53	6000	24.512183	0.000	1929744	488	6
1608418504.02	6000	24.019081	0.000	2862641	981	6
1608418506.37	6000	24.665835	0.000	1511920	334	6
1608418509.91	6000	24.132414	0.000	2648706	868	6
1608418512.90	6000	24.138881	0.000	1839947	861	6
1608418515.81	6000	24.230103	0.000	2530901	770	6
1608418518.68	6000	24.364465	0.000	2000489	636	6
1608418521.62	6000	24.423716	0.000	3720149	576	6
1608418524.29	6000	24.748685	0.000	1879436	251	6
1608418527.31	6000	24.729420	0.000	2286539	271	6
1608418530.27	6000	24.769885	0.000	2639570	230	6
1608418533.30	6000	24.736241	0.000	1721551	264	6
1608418536.36	6000	24.682603	0.000	1988845	317	6
1608418541.33	6000	22.706547	0.000	1600946	2293	6
1608418543.09	6000	23.947346	0.000	3636328	1053	6
1608418546.00	6000	24.035027	0.000	1299046	965	6
1608418548.67	6000	24.366943	0.000	1570959	633	6
1608418552.11	6000	23.929782	0.000	2466788	1070	6
1608418554.96	6000	24.077499	0.000	2030627	923	6
1608418558.23	6000	23.805250	0.000	2510996	1195	6
1608418560.99	6000	24.048540	0.000	2095786	951	6
1608418564.06	6000	23.977732	0.000	3781742	1022	6
1608418566.34	6000	24.699543	0.000	1893085	300	6
1608418569.23	6000	24.814480	0.000	1541404	186	6
1608418572.46	6000	24.576679	0.000	1688908	423	6
1608418575.37	6000	24.669818	0.000	2248820	330	6
1608418578.34	6000	24.703545	0.000	2228918	296	6
1608418581.35	6000	24.694450	0.000	2248706	306	6
1608418584.33	6000	24.705349	0.000	2248706	295	6
1608418587.39	6000	24.654063	0.000	2342669	346	6
1608418590.43	6000	24.610734	0.000	2515623	389	6
1608418593.30	6000	24.740275	0.000	1887834	260	6
1608418596.36	6000	24.678317	0.000	2338046	322	6
1608418599.35	6000	24.692993	0.000	2331929	307	6
1608418602.44	6000	24.600015	0.000	2541151	400	6
1608418605.57	6000	24.466024	0.000	2345016	534	6
1608418608.69	6000	24.347865	0.000	2489033	652	6
1608418611.49	6000	24.547052	0.000	2110621	453	6
1608418614.55	6000	24.492814	0.000	2283685	507	6
1608418617.42	6000	24.620746	0.000	2312699	379	6
1608418620.34	6000	24.696111	0.000	2271110	304	6
1608418623.48	6000	24.558070	0.000	2373359	442	6
1608418626.55	6000	24.492366	0.000	2133397	508	6
1608418629.54	6000	24.500994	0.000	2215402	499	6
1608418632.98	6000	24.059223	0.000	2532138	941	6
1608418640.05	6000	19.994321	0.000	2624784	5006	6
1608418640.84	5027	22.197929	0.000	2135077	796	4.054
1608418642.15	6000	23.890211	0.000	2192841	1110	5.027
1608418646.23	6000	22.808882	0.000	2262096	2191	6
1608418648.05	6000	23.987570	0.000	2246000	1012	6
1608418650.58	6000	24.459656	0.000	2211461	540	6
1608418654.50	6000	23.535644	0.000	2288867	1464	6
1608418656.41	6000	24.632312	0.000	2216509	368	6
1608418659.60	6000	24.441952	0.000	2152190	558	6
1608418662.50	6000	24.539530	0.000	1871999	460	6
1608418665.47	6000	24.564920	0.000	1556549	435	6
1608418668.45	6000	24.591389	0.000	1991630	409	6
1608418671.40	6000	24.638864	0.000	2089460	361	6
1608418674.51	6000	24.530277	0.000	2136186	470	6
1608418677.27	6000	24.768357	0.000	2248705	232	6
1608418680.25	6000	24.790635	0.000	2248707	209	6
1608418683.20	6000	24.841618	0.000	2248709	158	6
1608418686.41	6000	24.634045	0.000	2248708	366	6
1608418690.51	6000	23.533788	0.000	2260038	1466	6
1608418692.89	6000	24.147959	0.000	2288114	852	6
1608418695.44	6000	24.596043	0.000	2159760	404	6
