1606458328.13	230	3.000000	0.000	110795	127	0
1606458328.17	230	5.960258	0.000	47855	40	0.23
1606458328.22	230	8.903188	0.000	89857	57	0.23
1606458328.34	477	11.788436	0.000	229678	115	0.23
1606458328.49	991	14.633629	0.000	326773	155	0.477
1606458328.70	1427	17.424943	0.000	457376	209	0.991
1606458329.15	2962	19.973471	0.000	1312112	451	1.427
1606458329.59	5027	22.532834	0.000	2548693	441	2.962
1606458330.56	6000	24.561863	0.000	2379983	438	5.027
1606458333.49	6000	24.639813	0.000	2139821	360	6
1606458336.42	6000	24.704451	0.000	2150522	296	6
1606458339.39	6000	24.737552	0.000	1518787	262	6
1606458342.42	6000	24.706204	0.000	2047792	294	6
1606458345.92	6000	24.202565	0.000	2222688	797	6
1606458348.57	6000	24.560921	0.000	2287491	439	6
1606458352.10	6000	24.027844	0.000	2697257	972	6
1606458354.46	6000	24.667532	0.000	2141227	332	6
1606458357.51	6000	24.619244	0.000	1996334	381	6
1606458360.80	6000	24.327053	0.000	2286621	673	6
1606458363.42	6000	24.705816	0.000	2010251	294	6
1606458366.52	6000	24.605637	0.000	2248706	394	6
1606458369.47	6000	24.655084	0.000	2329646	345	6
1606458372.55	6000	24.581020	0.000	2315679	419	6
1606458375.74	6000	24.384132	0.000	2289622	616	6
1606458378.36	6000	24.767234	0.000	2316442	233	6
1606458381.63	6000	24.491981	0.000	2907009	508	6
1606458384.48	6000	24.644404	0.000	2221897	356	6
1606458387.42	6000	24.704400	0.000	1380099	296	6
1606458390.53	6000	24.595935	0.000	2229258	404	6
1606458393.65	6000	24.472997	0.000	2638636	527	6
1606458396.41	6000	24.720081	0.000	1858780	280	6
1606458399.49	6000	24.632837	0.000	2248707	367	6
1606458402.61	6000	24.513548	0.000	2248706	486	6
1606458405.62	6000	24.509580	0.000	2554970	490	6
1606458408.34	6000	24.784502	0.000	2164827	215	6
1606458411.47	6000	24.660239	0.000	2096434	340	6
1606458414.42	6000	24.703848	0.000	2178596	296	6
1606458417.72	6000	24.407795	0.000	2493596	592	6
1606458420.53	6000	24.594031	0.000	2275819	406	6
1606458423.52	6000	24.602318	0.000	2968630	398	6
1606458426.83	6000	24.301536	0.000	1835923	698	6
1606458429.39	6000	24.735691	0.000	1734383	264	6
1606458432.46	6000	24.662988	0.000	2363402	337	6
1606458435.42	6000	24.711148	0.000	2160562	289	6
1606458438.51	6000	24.613408	0.000	2354851	387	6
1606458441.84	6000	24.284752	0.000	2232788	715	6
1606458445.04	6000	24.085136	0.000	2358526	915	6
1606458447.91	6000	24.211910	0.000	2316942	788	6
1606458450.65	6000	24.477930	0.000	2290946	522	6
1606458453.43	6000	24.696242	0.000	2171105	304	6
1606458456.85	6000	24.273017	0.000	2298754	727	6
1606458459.50	6000	24.623422	0.000	1994876	377	6
1606458462.45	6000	24.681601	0.000	2128219	318	6
1606458465.53	6000	24.599254	0.000	2740083	401	6
1606458468.43	6000	24.695354	0.000	2200061	305	6
1606458471.95	6000	24.176805	0.000	1898754	823	6
1606458474.60	6000	24.525228	0.000	2340938	475	6
1606458477.79	6000	24.340582	0.000	2088259	659	6
1606458480.67	6000	24.453566	0.000	2888543	546	6
1606458483.54	6000	24.588864	0.000	2022906	411	6
1606458487.19	6000	23.941558	0.000	2497233	1058	6
1606458489.66	6000	24.463564	0.000	2183878	536	6
1606458492.73	6000	24.401364	0.000	2439166	599	6
1606458495.59	6000	24.533601	0.000	1435955	466	6
1606458502.12	6000	21.003618	0.000	2974575	3996	6
1606458502.76	6000	23.362121	0.000	2097321	641	6
1606458505.62	6000	23.511059	0.000	1939501	1489	6
1606458508.52	6000	23.609447	0.000	2066334	1391	6
1606458512.37	6000	22.760661	0.000	2596985	2239	6
1606458514.81	6000	23.320359	0.000	2490566	1680	6
1606458517.41	6000	23.714758	0.000	2747678	1285	6
1606458520.10	6000	24.021964	0.000	1562990	978	6
1606458523.37	6000	23.758437	0.000	2097945	1242	6
1606458526.33	6000	23.793241	0.000	1985667	1207	6
1606458529.55	6000	23.581332	0.000	2771673	1419	6
1606458532.24	6000	23.882753	0.000	2580090	1117	6
1606458535.10	6000	24.031406	0.000	1620253	969	6
1606458538.04	6000	24.086987	0.000	2251285	913	6
1606458540.98	6000	24.146075	0.000	1965039	854	6
1606458543.91	6000	24.213928	0.000	2258573	786	6
1606458547.27	6000	23.859992	0.000	3429684	1140	6
1606458550.30	6000	23.822612	0.000	2241004	1177	6
1606458553.36	6000	23.769616	0.000	1873625	1230	6
1606458556.15	6000	23.977237	0.000	1808060	1023	6
1606458559.08	6000	24.051493	0.000	2233059	949	6
1606458562.04	6000	24.087984	0.000	2330392	912	6
1606458566.63	6000	22.500290	0.000	2365957	2500	6
1606458568.18	6000	23.948644	0.000	2023250	1051	6
1606458571.26	6000	23.863172	0.000	2277195	1137	6
1606458573.94	6000	24.190092	0.000	2110337	810	6
1606458577.44	6000	23.689313	0.000	3270459	1311	6
1606458580.16	6000	23.964416	0.000	1811778	1036	6
1606458582.89	6000	24.238600	0.000	2059702	761	6
1606458586.35	6000	23.776312	0.000	2410733	1224	6
1606458589.04	6000	24.088181	0.000	2264887	912	6
1606458591.69	6000	24.440037	0.000	1442038	560	6
1606458594.76	6000	24.362224	0.000	2248705	638	6
1606458598.18	6000	23.949761	0.000	2883545	1050	6
1606458600.70	6000	24.422305	0.000	1779883	578	6
1606458604.19	6000	23.936730	0.000	2367030	1063	6
1606458607.86	6000	23.268799	0.000	3751045	1731	6
1606458609.97	6000	24.153054	0.000	2032116	847	6
1606458613.08	6000	24.047632	0.000	1655187	952	6
1606458615.82	6000	24.307446	0.000	1568817	693	6
1606458619.72	6000	23.404640	0.000	2706944	1595	6
1606458622.57	6000	23.558636	0.000	2073329	1441	6
1606458625.37	6000	23.753344	0.000	2388925	1247	6
1606458628.48	6000	23.642916	0.000	2042653	1357	6
1606458631.68	6000	23.449226	0.000	2359637	1551	6
1606458634.88	6000	23.242702	0.000	2205524	1757	6
1606458637.27	6000	23.857047	0.000	2068164	1143	6
1606458640.69	6000	23.435041	0.000	2225689	1565	6
1606458643.11	6000	24.020526	0.000	1888915	979	6
1606458647.24	6000	22.890709	0.000	2396697	2109	6
1606458651.07	6000	22.055904	0.000	2856889	2944	6
1606458655.64	6000	20.486187	0.000	2511559	4514	6
1606458663.30	5027	15.829502	0.000	1897628	7657	4.054
1606458663.60	2056	18.530056	0.000	694317	299	-0.915
1606458664.14	2962	20.990995	0.000	1180966	539	2.056
1606458665.77	2962	22.360741	0.000	1117477	1630	2.962
1606458669.32	2962	21.806780	0.000	969447	3193	2.962
1606458669.81	2962	24.312501	0.000	1274803	494	2.962
1606458674.01	5027	23.121113	0.000	1965547	1879	2.962
1606458676.30	5027	23.831040	0.000	1553288	1169	5.027
1606458679.67	6000	23.454794	0.000	1785366	1545	5.027
1606458683.11	6000	23.013629	0.000	2217719	1986	6
1606458685.42	6000	23.702415	0.000	2136919	1298	6
1606458689.52	6000	22.604866	0.000	2049076	2395	6
1606458691.58	6000	23.551706	0.000	2248708	1448	6
1606458694.63	6000	23.497777	0.000	2248707	1502	6
1606458697.64	6000	23.488112	0.000	2756849	1512	6
1606458700.23	6000	23.896886	0.000	2089310	1103	6
1606458703.40	6000	23.730715	0.000	2460275	1269	6
1606458705.96	6000	24.168373	0.000	1929744	832	6
1606458709.09	6000	24.034193	0.000	2862641	966	6
1606458711.58	6000	24.547188	0.000	1511920	453	6
1606458718.32	6000	20.810730	0.000	2648706	4189	6
1606458719.01	6000	23.121476	0.000	1839947	689	6
1606458727.71	6000	17.412432	0.000	2530901	7588	6
1606458728.06	2962	20.068438	0.000	693266	344	-0.076
1606458730.61	2962	20.517449	0.000	1453837	2551	2.962
1606458731.52	2962	22.608281	0.000	735282	909	2.962
1606458734.32	2962	22.808824	0.000	1377423	2191	2.962
1606458737.65	2962	22.471984	0.000	1271148	2528	2.962
1606458739.28	2962	23.842194	0.000	687273	1158	2.962
1606458742.05	2962	24.079395	0.000	1301374	921	2.962
1606458745.91	5027	23.220791	0.000	1285852	1779	2.962
1606458752.37	5027	19.759742	0.000	2977437	5240	5.027
1606458754.26	2962	20.868383	0.000	940303	1891	0.897
1606458755.96	2962	22.169667	0.000	1021085	1699	2.962
1606458757.58	2962	23.547018	0.000	1249461	1453	2.962
1606458760.76	2962	23.362087	0.000	929437	1638	2.962
1606458763.64	2962	23.488072	0.000	1369495	1512	2.962
1606458768.40	5027	21.726972	0.000	1723810	3273	2.962
1606458770.15	2962	22.975475	0.000	1648221	1751	0.897
1606458771.53	2962	24.598473	0.000	527127	402	2.962
1606458774.78	5027	24.348912	0.000	1325521	651	2.962
1606458777.94	5027	24.184905	0.000	1395391	815	5.027
1606458781.66	6000	23.470722	0.000	2248820	1529	5.027
1606458784.34	6000	23.790771	0.000	2228918	1209	6
1606458787.02	6000	24.107479	0.000	2248706	893	6
1606458790.26	6000	23.869038	0.000	2248706	1131	6
1606458794.31	6000	22.817150	0.000	2342669	2183	6
1606458796.61	6000	23.517851	0.000	2515623	1482	6
1606458799.09	6000	24.037903	0.000	1887834	962	6
1606458801.93	6000	24.195454	0.000	2338046	805	6
1606458804.77	6000	24.359187	0.000	2331929	641	6
1606458807.89	6000	24.241535	0.000	2541151	758	6
1606458810.59	6000	24.534381	0.000	2345016	466	6
1606458813.93	6000	24.197624	0.000	2489033	802	6
1606458816.65	6000	24.474099	0.000	2110621	526	6
1606458820.28	6000	23.846808	0.000	2283685	1153	6
1606458823.03	6000	24.098342	0.000	2312699	902	6
1606458826.07	6000	24.059824	0.000	2271110	940	6
1606458829.21	6000	23.916242	0.000	2373359	1084	6
1606458832.26	6000	23.870655	0.000	2133397	1129	6
1606458835.09	6000	24.039759	0.000	2215402	960	6
1606458838.48	6000	23.650713	0.000	2532138	1349	6
1606458841.71	6000	23.414252	0.000	2624784	1586	6
1606458844.13	6000	23.992178	0.000	2596951	1008	6
1606458847.61	6000	23.519379	0.000	2192841	1481	6
1606458851.05	6000	23.073899	0.000	2262096	1926	6
1606458854.91	6000	22.213313	0.000	2246000	2787	6
1606458857.10	6000	23.022819	0.000	2211461	1977	6
1606458859.89	6000	23.232043	0.000	2288867	1768	6
1606458862.17	6000	23.955386	0.000	2216509	1045	6
1606458864.62	6000	24.503206	0.000	2152190	497	6
1606458868.30	6000	23.829038	0.000	1871999	1171	6
1606458871.20	6000	23.927264	0.000	1556549	1073	6
1606458873.67	6000	24.455921	0.000	1991630	544	6
1606458876.96	6000	24.165078	0.000	2089460	835	6
1606458879.97	6000	24.157758	0.000	2136186	842	6
1606458882.81	6000	24.313964	0.000	2248705	686	6
1606458886.28	6000	23.845370	0.000	2248707	1155	6
1606458889.78	6000	23.345284	0.000	2248709	1655	6
1606458892.97	6000	23.151958	0.000	2248708	1848	6
1606458895.95	6000	23.180205	0.000	2260038	1820	6
1606458899.40	6000	22.723745	0.000	2288114	2276	6
1606458902.22	6000	22.909818	0.000	2159760	2090	6
