1608418123.03	2000	1.000000	0.000	28717	25	0
1608418125.00	20000	1.000000	0.977	11007815	1977	-29.2637274505
1608418126.79	20000	1.000000	0.791	8849724	1791	-5.3226628987
1608418127.56	20000	1.234635	0.000	3191121	765	20
1608418127.97	20000	1.823643	0.000	1661718	411	20
1608418128.42	20000	2.369557	0.000	1315024	454	20
1608418128.68	20000	3.116771	0.000	698359	253	20
1608418128.94	20000	3.853410	0.000	730082	263	20
1608418129.85	20000	3.944246	0.000	4047415	909	20
1608418130.95	20000	3.842670	0.000	2863079	1102	20
1608418132.76	20000	3.030376	0.000	4167844	1812	20
1608418139.13	20000	1.000000	3.335	5571764	6366	-86.7274898286
1608418140.16	8000	1.000000	0.031	1928241	1031	-4.98416872727
1608418140.64	12000	1.519254	0.000	1267052	481	8
1608418141.20	12000	1.955624	0.000	1316661	564	12
1608418141.90	12000	2.261739	0.000	1263534	694	12
1608418142.00	12000	3.161673	0.000	150125	100	12
1608418142.21	12000	3.948515	0.000	555328	213	12
1608418142.34	12000	4.815968	0.000	323573	133	12
1608418146.04	12000	2.117760	0.000	4001900	3698	12
1608418146.37	8000	2.785265	0.000	2226527	332	4
1608418146.69	12000	3.472909	0.000	2083035	312	8
1608418147.44	16000	3.724152	0.000	3070467	749	12
1608418148.87	16000	3.293071	0.000	3391518	1431	16
1608418149.66	16000	3.500856	0.000	2424462	792	16
1608418150.18	16000	3.982117	0.000	1798203	519	16
1608418151.97	16000	3.186583	0.000	8032438	1796	16
1608418155.61	20000	1.000000	0.455	11684632	3642	1.4244760853
1608418155.91	20000	1.705966	0.000	1849732	294	20
1608418156.23	20000	2.385394	0.000	1942795	321	20
1608418156.52	20000	3.097981	0.000	1704756	287	20
1608418156.80	20000	3.811767	0.000	1697111	286	20
1608418157.07	20000	4.540125	0.000	1529441	272	20
1608418157.39	20000	5.228283	0.000	1568649	312	20
1608418157.72	20000	5.896168	0.000	1677618	332	20
1608418158.00	20000	6.612569	0.000	1415096	284	20
1608418158.43	20000	7.183041	0.000	1894067	430	20
1608418158.71	20000	7.906478	0.000	1186604	277	20
1608418158.96	20000	8.655475	0.000	1068386	251	20
1608418159.40	20000	9.213479	0.000	1700843	442	20
1608418160.06	20000	9.555555	0.000	2536859	658	20
1608418162.16	20000	8.458332	0.000	4742872	2097	20
1608418163.32	20000	8.291356	0.000	4955535	1167	20
1608418163.62	20000	8.991236	0.000	1260540	300	20
1608418164.53	20000	9.081103	0.000	3605246	910	20
1608418165.29	20000	9.322346	0.000	2770338	759	20
1608418165.81	20000	9.807635	0.000	1855168	515	20
1608418166.17	20000	10.441428	0.000	1666915	366	20
1608418166.46	20000	11.156667	0.000	1555467	285	20
1608418166.65	20000	11.964936	0.000	1008919	192	20
1608418166.88	20000	12.735980	0.000	1227619	229	20
1608418167.08	20000	13.539876	0.000	1015853	196	20
1608418167.16	20000	14.451596	0.000	384076	88	20
1608418167.24	20000	15.379029	0.000	295687	73	20
1608418167.49	20000	16.122821	0.000	1328674	256	20
1608418167.78	20000	16.837429	0.000	1492829	285	20
1608418168.07	20000	17.547468	0.000	1484812	290	20
1608418168.45	20000	18.162919	0.000	1868314	385	20
1608418168.72	20000	18.898352	0.000	1253406	265	20
1608418168.91	20000	19.705097	0.000	887933	193	20
1608418169.13	20000	20.487918	0.000	1153403	217	20
1608418169.35	20000	21.268074	0.000	1249023	220	20
1608418169.59	20000	22.020238	0.000	1423973	248	20
1608418169.78	20000	22.830612	0.000	1060162	190	20
1608418169.98	20000	23.637717	0.000	1080597	193	20
1608418170.20	20000	24.412440	0.000	1156442	225	20
1608418171.03	20000	24.587316	0.000	2222640	413	20
1608418172.12	20000	24.492783	0.000	2587311	507	20
1608418173.20	20000	24.414246	0.000	2178351	586	20
1608418174.22	20000	24.390183	0.000	3121089	610	20
1608418175.14	20000	24.474502	0.000	2857420	525	20
1608418175.85	20000	24.767190	0.000	1702477	233	20
1608418176.80	20000	24.814414	0.000	1531670	186	20
1608418177.81	20000	24.804619	0.000	1863424	195	20
1608418178.77	20000	24.844110	0.000	1987392	156	20
1608418179.82	20000	24.794401	0.000	2505586	206	20
1608418181.37	20000	24.244048	0.000	9620218	756	20
1608418181.81	20000	24.800238	0.000	2561608	200	20
1608418182.91	20000	24.708300	0.000	3633991	292	20
1608418183.84	20000	24.775442	0.000	3324070	225	20
1608418184.79	20000	24.825924	0.000	1560020	174	20
1608418185.78	20000	24.835272	0.000	1429188	165	20
1608418186.90	20000	24.710132	0.000	1754144	290	20
1608418187.93	20000	24.684360	0.000	1626020	316	20
1608418189.62	20000	23.996294	0.000	1739228	1004	20
1608418191.03	20000	23.585059	0.000	1722735	1411	20
1608418191.23	20000	24.381400	0.000	1538145	204	20
1608418191.81	20000	24.804070	0.000	1473412	196	20
1608418193.11	20000	24.507887	0.000	1498968	492	20
1608418194.19	20000	24.420551	0.000	2247334	579	20
1608418195.37	20000	24.240364	0.000	3156442	760	20
1608418195.97	20000	24.643094	0.000	1895098	357	20
1608418197.05	20000	24.569364	0.000	1939135	431	20
1608418198.05	20000	24.567859	0.000	1842874	432	20
1608418199.18	20000	24.438343	0.000	2235830	562	20
1608418200.20	20000	24.411698	0.000	2202171	588	20
1608418201.21	20000	24.401409	0.000	2242042	599	20
1608418201.91	20000	24.700835	0.000	1081763	299	20
1608418203.25	20000	24.366338	0.000	2409013	634	20
1608418204.05	20000	24.563356	0.000	1615028	437	20
1608418205.07	20000	24.546109	0.000	1413467	454	20
1608418205.99	20000	24.627038	0.000	1632450	373	20
1608418208.55	20000	23.063158	0.000	5664827	1937	20
1608418209.58	20000	23.038581	0.000	4578115	1025	20
1608418209.94	20000	23.678803	0.000	1783835	360	20
1608418210.20	20000	24.411812	0.000	1093613	267	20
1608418210.86	20000	24.750437	0.000	975642	250	20
1608418212.16	20000	24.452731	0.000	1658005	547	20
1608418213.65	20000	23.967778	0.000	3055257	1032	20
1608418214.99	20000	23.629284	0.000	5355572	1338	20
1608418215.93	20000	23.689024	0.000	3278424	940	20
1608418216.90	20000	23.719873	0.000	2318501	969	20
1608418218.29	20000	23.323926	0.000	2473561	1396	20
1608418219.02	20000	23.599267	0.000	1730311	725	20
1608418219.48	20000	24.131325	0.000	1455812	468	20
1608418220.47	20000	24.142578	0.000	2869222	857	20
1608418221.32	20000	24.290526	0.000	3226650	709	20
1608418222.07	20000	24.541307	0.000	2705936	459	20
1608418223.05	20000	24.565729	0.000	2998622	434	20
1608418224.07	20000	24.540731	0.000	2928342	459	20
1608418225.11	20000	24.500661	0.000	3059979	499	20
1608418226.29	20000	24.326138	0.000	3367422	674	20
1608418227.10	20000	24.514579	0.000	1950694	485	20
1608418228.04	20000	24.573229	0.000	1541020	427	20
1608418229.31	20000	24.307726	0.000	2926720	692	20
1608418230.40	20000	24.214094	0.000	2991202	786	20
1608418231.81	20000	23.807995	0.000	3002106	1192	20
1608418232.38	20000	24.232326	0.000	2015412	576	20
1608418233.27	20000	24.342863	0.000	2894863	657	20
1608418234.11	20000	24.507492	0.000	2185316	493	20
1608418235.53	20000	24.080723	0.000	3370605	919	20
1608418236.48	20000	24.133166	0.000	3492243	867	20
1608418236.94	20000	24.676790	0.000	1307592	323	20
1608418238.14	20000	24.472207	0.000	1881404	528	20
1608418239.11	20000	24.500186	0.000	1806471	500	20
1608418240.14	20000	24.471959	0.000	1945842	528	20
1608418241.27	20000	24.342388	0.000	2538877	658	20
1608418242.19	20000	24.428425	0.000	2298557	572	20
1608418243.30	20000	24.318130	0.000	2831497	682	20
1608418244.41	20000	24.208297	0.000	3200905	792	20
1608418245.17	20000	24.442915	0.000	2180586	557	20
1608418245.99	20000	24.621670	0.000	1500505	378	20
1608418247.07	20000	24.541972	0.000	1939246	458	20
1608418248.06	20000	24.553549	0.000	1599193	446	20
1608418249.22	20000	24.390517	0.000	2364826	609	20
1608418250.22	20000	24.397367	0.000	2517454	603	20
1608418251.11	20000	24.509045	0.000	1883143	491	20
1608418252.17	20000	24.440113	0.000	1726706	560	20
1608418252.93	20000	24.689799	0.000	707364	310	20
1608418253.91	20000	24.708865	0.000	796460	291	20
1608418254.76	20000	24.857546	0.000	596962	142	20
1608418255.82	20000	24.795098	0.000	947625	205	20
1608418256.81	20000	24.806938	0.000	832859	193	20
1608418257.67	20000	24.944338	0.000	151562	56	20
1608418258.66	20000	24.952188	0.000	90390	48	20
1608418259.65	20000	24.963911	0.000	50278	36	20
1608418260.64	20000	24.972941	0.000	26471	27	20
1608418261.65	20000	24.967256	0.000	40620	33	20
